101110111011101100000000000000000000010100000000000000000000101110111110101110110101010100000000000010110000000000000000000001010000 0
101101010101101100000000000000000000000000000000000000000000101101010000000000000000000000000000000000000000101100000000000011100000 1
111011101011101101010000000000000000010100000000111010110000010110110101010101011011010110110101000000000000000000000000000010110000 0
111010110101101110110000000000001011101100000000000001010000000010111110101110111011111000001110000000000000000000000000000011100101 0
101111100000101100000000000000000000000000000000000010110000111011100000000000000000000000000000000000000000101100000000000010110000 1
111011101110000000000000000000001011111000000000000001010000000011100000111011101110111000000101000011100000000000000000000011100000 0
101110111110111001011110000010110000000000001110000000000000101111100000101100000000000000000000101100001110101110110000000011101110 2
010101010101101100000000000000000000000000000000000000001110101110110000000000001011000000000000000000000000010100000000000010110000 4
101110111011000000000000000000001011101100000000000001010000000010110000101111101110111001011110000011100000000000000000000011100000 0
111010111011111010110000000000001011111000000000000000000000000011100000101110111110101100001110000010110000000000000000000001010000 0
101101011011101100000000000000000000000000000000000000000101000001010000010100000101000000000000000000000000000000000000000001010000 4
101110111011010100000000000000000000000000000000100000000000000010110000000000000000000000000000000001010000101100000000000010110000 3
111010110101101100000000000000000101101100000000000001010000000010110000111010111011101101011011000010110000000000000000000001010000 0
010101010101101100000000000000000000000000000000000000001110000010110000101100001011000000000000000000000000000000000000000010110000 4
010101011011101110110000101100000101101100000000000001010000000010110101101111101110111010111011000000000000000000000000000010110000 0
101110111011101101011011000010110000000000001110100000000000101110110101010100000000000000000000101100001011111010110000000010111110 2
101110111011010100000000000000000000000000000000000000000000101110110101000000000000000000000000000000000000101100000000000010110000 1
101111101011000000000000000000001110101100000000000010110000000010110101101111101110101110110000000000000000000000000000000001010000 0
101101011011000000000000111000001110000000000000000000000000101110110101101100000000000000000000000000000000000000001110111000000000 5
010101010000010111100000000000000000000000000000000000000000010101010000010100000000000000000000000000000000101100000000000010110000 3
111011101110101100000000000000000000000000000000000000001110101110111011101100001011000000000000000000000000000000000000000011100000 4
101110111011000001010000000000001011101100000000000000000000000010110101101111101011111001011011000010110000000000000000000010110000 0
111010110000010100000000000000000000010100000000111010110000111010110000101100000000000000000000000000000000101100000000000011100000 1
111010111011000000000000000000001011101100000000000000000000000011100000111010111110111000001011000011100000000000000000000011100000 0
010101011011101100000000000000000101000000000000100000001110000011101011000000001011000000000000000000000000000000000000000000000000 4
101101010000111000000000000000000000000000000000000000001110000010110000000000000000000000000000000000000000000000000000000001010000 4
111010111011101100001011000010110000000000001011000000000000101111100000111000000000000000000000101100001011111010110000000010111110 2
101110110000111000000000000000000101000000000000000000000000111010110000000000000000000000000000000000000000111000000000000001010000 1
010101011011111010111011000011100000000000001011000000000000101110110101101100000000000000000000111000001110000011100101000010111110 2
111010110101000001010000000000000000000000000000000000000000101110110000000000000000000000000000000001010000010100000000000010110000 3
101110110101101110110000000000000000000000000000000001010000010110110000010100000000000000000000000000000000101100000000000010110000 1
101101011011111010111011000011100000000000001011100000000000101110110000010100000000000000000000101100001011010110110000000010111110 2
101111101110010100000000000000001011010100000000000000000000000011100000101110111011111000000101000010110000000000000000000010110000 0
101110111011000000000000000000001110000000000000000010110000000010110000101110111011000010110000000010110000000000000000000010110000 0
111010111011111010110000000000000000101100000000000010110000101110110101101111101110111011100101000000000000000000000000000011100000 0
010101010101111000000000000000000000000000000000000000001011010111100000010100001011000000000000000000000000000000000000000010110000 4
111010111011000000000000000000001110111000000000000001010000000010110000101111101011111000001011000010110000000000000000000011100000 0
111011101110000000000000000000001110111011100000000010110000000010110000101111101110111010111110000011100000000000000000000010110000 0
101110111110010100000000000000001011101100000000000000000000000011100101111011101011101110110101000011100000000000000000000010110000 0
101111101110111011100000000000001011010100000000000000000000101110110101111011101110111000000000000000000000000000000000000010110000 0
111010111011000000000000000000000000000000000000000000000101000010110000000000000101000000000000000000000000000000000000000010110000 4
111010110101010100000000000000001011010100000000000000000000000010110101010101010101010100000101000000000000000000000000000001010000 0
111010110000101100000000000000000000000000000000000001010000101110110000010100000000000000000000000000000000101100000000000000000000 1
010101011011111001011011000010110000000000000101000000000000010111100000010100000000000000000000010100001011101111100000000010111110 2
111010110000111000000000000000000000000000000000100001010000111010110000010100000000000000000000000000000000111000000000000010110000 1
101110111011000001010000000000000000010100000000000001010000000010110000101111101011111010110101000001010000000000000000000010110000 0
101110111011101110110000000000000000101100000000000000000000000010110000101110111110111010111011000010110000000000000000000010110000 0
101110111011101100000000000000001011101111100000000001010000000011100000111010111011101100001011000010110000000000000000000010110000 0
101100000101101100000000000000000000000000000000000000001110010110110000000000001011000000000000000000000000000000000000000010110000 4
010101010000010101010000000000000000000000000000000000000000101100000000010100000000000000000000000000000000101100000000000010110000 3
101110111110101110111011000011100000000000001011000000001011101110110000010100000000000000000000101100001110111010110000000010111011 2
101111100000101100000000000000000000000000000000000000000000111011100000000000000000000000000000000000000000101100000000000001010000 1
111010110101000010110000000000000000000000000000000000000000101110110000000000000000000000000000000000000000111000000000000010110000 3
101111101011000001010000000000001110101111100000000001010000000011100000101110111110111000000000000010110000000000000000000010110000 0
111011101011010100000000000000000000000000000000111000000000101111100000101100001011000000000000000000000000101100000000000001010000 1
010101010101000000000000000000000000000000000000000000001110000010110000000000001110000000000000000000000000000000000000000001010000 4
111010110000101100000000000000000000101100000000111010110000101110110000101100000000000000000000000000000000010100000000000010110000 1
101110110101000000000000000000000000000000000000000000000000101110110101010100000000000000000000000000000000101100000000000010110000 3
111011100000111000000000000000000000000000000000100001010000111001010000000000000000000000000000000000000000111000000000000010110000 1
010101010000111000000000000000000000000000000000100000001011000011100000010100001011000000000000000000000000000000000000000001010000 4
111011101011010101010000000000001011101111100000000000000000000011101011111010111011101101010101000000000000000000000000000001010000 0
101101010101101100000000000000000000000000000000000010110000111010110000101100000000000000000000000000000000111000000000000011100000 1
101110110101010100000000000000000000000000000000000001010000101111100000101100000000000000000000000000000000101100000000000001010000 1
111011101011000000000000000000001011101100000000000000000000000010110101101110111110101101010000000001010000000000000000000010110000 0
101110111011111001011011000010110000000000001011000000000000101110110000010100000000000000000000101110111011010111100000000010111110 2
101101010000101110110000000000000000000000000000000000000000101101010101010100000000000000000000000000000000101100000000000001010000 3
010101010101010100000000000000000000000000000000000000000101010101010101101100000101000000000000000000000000000000000000000010110000 4
101101011110111011101110000000001011000000001110000000000000111010110000010100000000000000000000111000001011000011100000000010111110 2
101100000101000000001011000001010000000000001110000000000000101110111011101100000000000000000000010100001110000010110000000010111011 2
101101011011000000000000000000000000000000000000000000001011000010110000101100001011000000000000000000000000000000000000000001010000 4
010101010101010101010000000001010000000000001011000000000000111001010000010100000000000000000000101100001011000010110000000010111110 2
101110111011101110110000000000001011010100000000000000000000101100001011101110111011101101010101000000000000000000000000000001010000 0
