011001010000101100000000000000110011000000100100100101010011000010011001100000011000 0
100000000000000000000000000010100000011000100001101100110001000010011001100100001000 1
011101110000001101010000000000110100000000001100000110101011000010011000100101001000 0
100000000000101100110000011010100110000000001001000101100101000010000011010001101000 2
010001000000101100000000000010010010001000111011000110011001000010001000100000001000 0
100001000101100100110000000000110011000001000110011001010010000010101001100100011110 0
111001110000001100000000000010000001000000010011111010100010000011011110110100010000 0
101100000001000000000000000011000000100100100001111001010001000010111011101000001000 1
100000010000010001000000000000110011000101101000000101001000010110101000100100011110 0
100000000000100110010000000000100110000001111001001001010110000010101000100100111110 0
101100110000000100010000000001100010000100111000010110000110001011001100101100001110 0
110000000000000000000000000010110000010000110011101101000100000010111010101000001110 1
011000000000100111000000000010110011000000011000001001010100000001100110010100001000 0
000100110000011101110000011011000111000000001100000110100101000001000010001000110000 2
010000110000000110100000000010100011000000110111010001010100001001110110011000101000 0
100000000000011010010000000000010111000001011001000001001001001110010111100000101110 0
010101100000011000000000000001010010001000010011101000110001000010001000011100000000 0
101010010000100101110000000010000011000000111001010001110101000010111010101000101110 0
011001110000000100000000000010000001000000100101010100111000000010011001100000001110 0
101100010000011000000000000001110001011100100010110001010011000010111011101000001000 0
100101000000001000000000000010110001000000110011101001010001000010111010101000001000 0
110000000000000000000000000010100001000100110010110001010001000010111011101100001110 0
011100111110011001000000001100100100000000111001000101010101000010010111100000101110 0
100001110000101101010000000010100010000000111010010010010111000011001011101101001110 0
011110100000101000000000000000100011000000000101100101100100000010101010101000011000 0
011000010000010000000000000001110001010100100010101000110000000010011000100000001000 0
011000100000011010010000000000010110000000101011000010001001000010010110011001001000 0
010100000000000000000000000000010100000001010011100000110001000010000111011100001000 0
000100100000011100010000000010110010000001000110011001010100000001110110010100010000 0
000100110000010100010000000010110010000000110110011001010101000001100110010100010000 0
100100110000011000000000000010000001000000110100101001100001001010111010101000001000 0
011101000000001101100000000010000100000000101011001110100101000010011001100100111000 0
100100010000010100000000000001010010000000110010101101000010000010101010100100001000 0
010000000000110100000000000010000001000101000010100000010001000010000111011000001110 0
000100110000001100010000000010110011000000101010001010001011001001100101010100101000 0
001010000000011000000000000000110011000100100011100000110001000001110110011000000000 0
011000110000100100000000000001000010000000100011100100110000000010011000100000001000 0
011000100000101000000000000000110011000000110100100101100001000010011001100000010000 0
100100000000010000000000000001110001100100100011100101000100000010101010100100001110 0
010100110000001100000000000001000010000000110100011100110011001010000111011100001000 0
100101010000001100000000000010100001000000100100101101100001000010111010101000001000 0
100100100000011001100000000000100100000000111000001101010101001110101001100100011110 0
100101110000010100000000000010100010000000010101100101110011000010101010101000011000 0
010101110000001100000000000001100011000001011000000000110101001010011000100000011110 0
101001110001001000100000000010000010000000011010000101110110000010111011101100001110 0
100000000000010001100000000000110100000000101001001001101010001110111001100101001110 0
011100000000000000000000000011010000011000100010101100110001000010011001100000001000 1
101100000000011100000000000010100000001100100010111001100000000011001100101100001000 1
101000110000011101000000000010110010000000100110011001010100000010101001101000011110 0
101000000001000000000000000011100000111000010000110100110001000010101010101000001000 2
111000000000000000000000000010100001101000010001111001110000000011011110110100001000 0
101110000000011000000000000001100010000000100100101101110001000011001100101100001000 0
011101110000011000000000000001010100000001011010000001110100000011001011101100101110 0
110001010000010000000000000001110001011000010011111010000000000011001100110000001000 0
100100100000000100000000000010100001000100111010001110010011000010101010100100001000 0
011100000000011101010000011010110110000000001011001010100101000001010011010100101000 2
110001000000010100000000000000110011000101000100110010000011000011001100110000001000 0
101100000001000000000000000011100000101100110111001101000011000010111010101000001110 1
101100110000011000000000000001100001000000110101100101110011000011011100110000001110 0
100101110000011101000000000000110011000000101001001001110100001110101010100100011110 0
100100110000000000000000000010100001001000101000001101100100000010101010101000001110 0
010000110000011101010000001100110011000000000110001100110101000010000110011000101000 0
100010000000011001010000000010100010000000001001011010010101000010111011101100101000 0
011100110000000000000000000010100001000000111011001010010110001010011001100000001000 0
001100100000011000100000000000010100000001000101011001000001001010000111011000001000 0
011000000000100110010000000010110100000000000110001100100111000010010110011100101110 0
101110000000101000000000000001100010000000100011110001110011000010111011101100001000 0
010110000000011100000000000010011000000000001010010110100101001010111000101000011000 0
101100010000010100000000000001110001000000110100110001110000000011001100110000001000 0
110000110000010000100000000001100010011000100111011001110010010111011100110000011110 0
001101010000100100000000000000010100000000100101011000110010001010000111011100011000 0
011000100000010100000000000001100001001000110010101101000001000010011001100000000000 0
011001110000001000000000000000110011000001010111001101000100000010011001100000001110 0
010100010000010000000000000000100100000001010100100001000010000010001000011100001000 0
011100000000000000000000000001110010000101111000000000110011000010011000100000001110 0
011100010000011101100000000001100110000001101011000010000101000010011000100000011000 0
011100000000011001100000011011000111000000001000000000110111000001100001010100011000 2
100000100000011100000000000010010001000000110011100101000001001010101001100100001000 0
100000000000011100010000000001010010000010011000001001011000001010101001100100011110 0
100100100000010000000000000001110001011100100010110001000011000010101010101000001000 0
101100000000000000000000000010100001100101000111001101001011000010101010101000001110 1
100100010000000000000000000010010001010000101001010001110100000010101010101000001000 0
100000000000101100110000011010100110000000001001000101010100000010000011010001101000 2
011101100000001001010000000010000100000000101011001110100100000010011001100100111000 0
011101010000001010110000000000010111000000011010000101110101001010101000100100101110 0
011101100010010100010000000001010101000001101001000001010010000010011001100100011110 0
100101010000011100010000000001110001000100100100100101010001000010111010101000001110 0
101000110000001100000000000010010001000100101001001001100010000010111011101000001110 0
100000000000001000000000000010010001001100110010101100110001000010101001100100001000 0
010000110000000000110000000000110100000000100101011001000100001001110110011000011000 0
101101000000000000000000000011000010000000111001001101110100000010111011101100001110 0
011101110000001000000000000010010100000000010101100101100110000010111010101000011000 0
110100000000000000000000000011100000010000110100101101110001000010111100101100001000 2
011100110000000000000000000010100000000100100010101001000010000010101001100100001000 0
101100000000001100000000000010110001001001000011101001010100000010111011101000001000 1
100000000000000000000000000011010000111000010000110000100001000010011001100100001000 2
100000000000101100110000001110100111000000000111000100100010000010000011010101001110 2
010101110000000000100000000000110011000000110111010001010011000010101000100000011110 0
011000110001010100000000000011001001000100000010101100110000000010011000100000001000 0
011000110000010000000000000001010001000100100010101000110010000010011000100000001000 0
100111010000000000000000000010000010000000010110100001110010010110111011101100001000 0
101001010000100100000000000001101100000010111101000010110111001010111011101100111110 0
011100000000101010110000000010110110000000001000001001010101001010010110011100011000 0
101100100000100100000000000010000001000000110011101101100011000010111011101100001000 0
010101010000010000010000000000100100000001000100011101000001000010011000100000001000 0
100000000000010101010000000001000011010000111010000001100011001010101000100100101110 0
100101110000100100010000000000110011000000111001001001110100001110101010100100001110 0
101000010000000101000000000010010010001000111100000110100111001110111001101001001000 0
011000000000010101010000000000010101000010000111010101010010000010010111011100011000 0
100100000000001100000000011010100010000100101010001110011001001010101000100101001000 1
100100000001000000000000000010110000001000110010110001000001000010111010101000001000 1
011001110000000000010000000001010010000000101010001010000101000010011010100000101000 0
101100000000001100000000000010010001001000110110011001010101000011001011101100001110 1
011110000001010000000000000001110010000000011010001110000011000011001010101000011110 0
111000000000000000000000000010010001011000111000010001110011000011011101110100001110 0
101100000000001100000000000000110011000001000010110001010000000010111011101000001000 0
011100010000010100000000000000100011001000100011101001000010000010011001100000001000 0
100000000000010100110000000001000011001101010111010101100100000010111001100100101110 0
010100010000011000000000000000100100000001000011100000110000000010000111011100001000 0
010100110000000101100000000000000111000001111011000010000101001010000111011100111000 0
011100100000101010100000011010110101000000001110000011000100000000000010010111100000 2
100100100000011101010000000001000010001100100111011101110100000010111010101000011000 0
011000110000010000000000000001000010000000100100100101100010000010001001100000010000 0
100000110000011100100000000000110011000001010101100101100011000010101010100100011000 0
011101110000100100000000000000110011000000100100101001010010000010101010100100001000 0
011000000000010000000000000001100001001000110011100000100010000010011000100000001110 0
010100110000000000000000000010010001000000110110010101000100000010011000100000001110 0
010100110000001000000000000001000011000000110100011100110010001010000111011100001000 0
010100110000011001100000000000100100000000100110010000110100000010010111011100101110 0
110000000000000000000000000011100000010000100001110101000000000010101010101000001000 1
011101110000010100000000000011000001000100010011101101010001000010101010100100001000 0
011000010000010000010000000001010010010000100100011100110100000010001000011100001000 0
110000000000000000000000000011010000011100100011101001010100000010111011101000001110 1
001000110000010000000000000000110010000000110101011000110100001110000110011000001000 0
110000110000010000000000000001110001000100110010111001110001000011001100110000001000 0
100100010000011010110000000010010110000000011001000101100100000010010111100100111110 0
101001010000010000010000000001100100000000111011000001111011001011001011101100101110 0
011000100000000100000000000010100001000100110111001000110100000010011001100000001110 0
010100100000000001110000000000000111000001111011000010000100001001110111011001001000 0
011101110000010000000000000001100010000001001011000110000110000010011010100100011000 0
110010000000001000000000000001100100000010001100000010000111000011001100110000011110 0
100000010000011101000000000000110011000101001000001101010101010110101001100100011110 0
010000000000010010100000001110110100000000001011001010101011001101100011010000100000 2
100100000000101000000000000011100000010100010100100101010100000010101001100100001000 0
100111010000001100000000000010000010000000010110011101110100001010111011101000001110 0
010101110000010000000000000001110010000000111000001001010101000010011001100000001110 0
010000110000001000110000000010010011000001001000010101100100000010000111011100011000 0
100100110000011100000000000000110011000000110011101001010010000010101010100100001000 0
100100010000000000000000000010100001001100111000001101100100000010101010100100001110 0
100010010000000000100000000001010101000001011010000001101001000010101010101000101110 0
110001110000010000000000000011010001000000110111101010100010000011001101110000011000 0
011000110000011100000000000001000010000000100100101001100010000010001001100000000000 0
001101000011010100110000000000101000000001101011000010001000000001110110011000011000 0
010001110000011000010000000000110010000000010110011001010100000010011000100000011000 0
101101010000011000000000000001110010001000100011110001100010000010111011101100001000 0
010000000000001010010000011010110011000000000111001100110111000000110100001100101000 2
101100000000000000000000000010000010001001111010001110011000000011001011101100001110 1
011001100000011100000000000001000010000000010100100001010011000010001001100000011000 0
011100001011001000100000011010100100000001001011000110011010000010010111100000111000 2
011110000000110001000000000000110011000000001001010010000011001011001010101001011110 0
010100110000000000000000000010000010000101010111000100100110000010011000100000001110 0
010100000000011100110000000001000010000100110011011100100010000010000111011100001110 0
100000110000000100110000110110110100000000001010001010010100000001000101010010000000 2
111000000000010100000000000010110000101000100010110101010000000011001100110000001110 1
100100010000010100000000000001110001011100100001110101000001000010101010101000000000 0
101000000000000000000000000011100000001000100001101100110001001010101010100100001110 1
100000110000000100000000000011000010000001011011001110100101000010101001100100001000 0
011110000001010100000000000001100010000000011001010010000011000010011010100100011000 0
011000000000010100000000000000100011000001001000100010100100001010011001100000000000 0
011101010001010000000000000001110001000000101000001101010011000010011010100100011110 0
011100000000010100000000000011010110000000010010101101000010000010011000100000000000 0
010000110000010000000000000001100010000000110110100101110110000010001001011100100000 0
100100000000011001000000000010100100000000101001001001100100001010101001100100011110 0
100100000001010100100000000010100001010100100101011101000100000010111011101000001110 1
100100000001001000000000000011000000111000010001110000110001000010101001100100001000 2
100000110000011010010000000000000111000000001001010110000011000010001000100000111000 0
110100000000011001100000000010110011010000111101000010110111010111001011110000111110 1
100100110000010100000000000001100001010000010011101001010011000010101010101000001000 0
010100000000010101100000000001110010001100010111000100110111001010000111011100011110 0
011001000000010100000000000001100100000001111001000001000100000010011000100000011110 0
011100100000010101010000000001100010001000011001000001000101000010101001100100101110 0
011101010000010001010000001100100101000000101010001001110110000010101000100001001000 0
100000000000010100000000000011010100001000010101011001001001000010101001100100001110 0
110000000000001000000000000010000001000101000010110101100000000011001100110000001110 1
100001100000100100000000000000010101000001101010000001111000000010101001100100011110 0
010100110000010101000000000000100100000000100110010000110011000010010111011100101110 0
011000000000010100000000000001100001001100100010101000110001000010011000100000001000 0
110000110000001100110000000000110011000000101000010001110100000010111011101100101110 0
101110000000000100010000000011010001000000011000010101110011000011001100101100001110 0
010000110000001100000000000001100010000000110110100101110100000010001001011100100000 0
100110000000010100110000000000110101000000011001010010000100001110101010101000011000 0
010100100000001000000000001101000010000000110101010100110010001010000111011100011000 0
101001110000010000000000000001010010000000110100110001110100000010111011101000000000 0
011010000000000000000000000001010010000000011011001010000101000010011010100100101000 0
100000100000010100000000000010000001000001000011101001010010001010101001100100001000 0
011100000000010110010000000001000100000100011000000101010011001010010111100001001110 0
011100000000100110100000000010110111000000001000001001010100001110000101011100011000 0
011100000000011000000000000011000001010001010111001101011011000010101010101000001110 1
100000000000001100000000000001000010000001000100011101000100001010011001100100001110 0
011000110000100100000000000001000010000000100101100101110001000010011001100000010000 0
100000000000101100000000000001000010000001010011100101000001000010011001100000001000 0
101101000000000100000000000001100001000000110101100001010110000010111011101100001110 0
100100000000010100000000000001110001101000100011100101000011000010101010100100001110 0
010100000000000100010000000000110011000100110011100000100001000010000111011100001000 0
100000000000011101000000000010100101000000000110010101000001000010010111100000011110 0
101001000000011100000000000010100001000100110101100101110011001011001100110000001110 0
101000000000010101000000000010110010000100111000001001010010001110101001100100011110 0
100000000000100101000000000010110101000000000100011100110010000010010111100000011110 0
011100000000010100000000000001000010000001000011101000110000000010011001100000001000 0
110000000000011100000000000001010010000101000100101101100010000011001100110000001110 0
110100000000000000000000000011100000100100100001111001010000000011001100101100001110 1
110001000000010100010000000000110011000001010101101001110100000011001100101100001000 0
010100000000001111100000000000000111000000001000000101000011001101100101010100011000 0
011101110000010001010000000001000011000000011100000110100111000010101001100100011000 0
100011100000010000000000000010000101000000001011000001110100000011011011101100101110 0
110000000001000000000000000011100000100000100010110001000001000010111011101000001110 1
101100110000010100000000000001110010000100110100110001110110000010111011101000001000 0
011101110000100100000000000000100011000000110101100101100100000010111010101000001110 0
011000110000010101100000000000100101000000101011000010000111000010100111100001011000 0
100101110000000000000000000001100101000001101100000010010100100010111010101000011110 0
011100100000011000000000000001110001010100100011100101000100000010101001100100001000 0
101100000000000100000000000011000000000100110010110001010001000010111010101000001000 0
101000000000000000000000000011100000110100010001110100110001000010111010101000001110 2
011000000000011110010000000010110100000000000110001100111000000010010110011100101110 0
010010100011000100000000000001010100000000001100000010101100000011011011110000111110 0
101000100000000000110000000010000101000000101101000010111011011010111001101000111000 1
100111100000010000000000000010000010000000000100101101110100000010111011101100001000 0
110100000000000100010000000010110100000110011011000110010100000010111011101100011110 1
110100000001000000000000000011010000001100100001110101010000000010111011101100001110 2
100000000000101100100000011010100111000000001001000101100100000010000100010001011000 2
011000000000010000000000000001110001001100110010101000110000000010011000100000001000 0
101000100000000000000000000010010001000100110101101110010110001010111011101000000000 1
010000100000010000000000000001000011000101001000010001100101000010000111011100001000 0
101000000000000000000000000011100000011100100001101100110001001010101010101000001110 1
100110000000010100000000000010100001000000100011101101100010000010111011101000001000 0
010100000000000000000000000011100000111000010001101000010001000010000111011100001000 2
011100110000010101010000001100110100000000101000001001010111000010011000100000101110 0
110100100000000000110000000001110011001001001101000010100111000011001100110000011110 1
001001110000011000000000000000110011000000100011100000110001000001110110011000000000 0
110100000000000000100000000010100010100101001011000110011011001010111011101100001110 1
010000000000000000000000000010010001001000110010100100100000001010000111011100001000 0
011101010000010101100000000001100011000000011000000101000100000010101001101001001110 0
111001000000100100000000000001000011000001000101111010100100000011101110111000011000 0
100000000000010001110000000001010010001000100110001100110110001010101001100100011110 0
100100000000000000010000000011000000010000100011101001000010000010111010101000001110 1
110000000000000000010000000010100001011100100011110001010010000011001100101100001110 1
011101100000010101010000001100010101000000011001001001110110000010010111100000111000 0
100100000000100101110000001110110101000000010111001001000100000010010111100000111110 0
011001010000010100000000000000110011000000100101100001010010000010011001100100011000 0
011100000000100110010000000010110100000000001001001101110100001110000110011100011000 0
100000000000011000000000000011100001110000010001110000110001000010101001100100001000 0
100100000000010000000000000000010101000001100100100101010011000010111010101000001110 0
100001000000001100100000000000110100000001101000001001001000001110101001100100011110 0
101001010000001100000000000010010011000001011001001101110011000011001011101100011110 0
100101100000010000110000000010100011000000101010001110000100000010111010101100111110 0
011000000000010100000000000011000001101000010001101000100001000010001000011100000000 0
110000000000000100010000000010110001000100111000001101010001001010111011101000001110 1
011000000000011110010000000010110011000000000110001100110111000010010110011100101110 0
011000000000010000100000000001000010001100100011011100010001000010000111011100001110 0
011101110000010000100000000010010100000000010111010101100101000010111010101000011110 0
100100000000100100000000000011000011001000010011101001000100000010101001100100001000 0
100000000000100100000000000011000100000100010110011001010110001010011001100100001000 0
011101010000011000000000000001100010000000110101100001010101001010101001100100001000 0
011100001100000000000000111011100000000000000010100000100001000001100111011000010000 2
010100000000000000000000000011010000111000010001101000010010000010000111011100001000 2
100100000000011000110000000010100100000000101001001001100100001110101001100100011110 0
100010000000001101000000000000100100000000101000010001110101001110101010101000011000 0
101100110000100100000000000010000001000100110100101001100011000010111011101100001000 0
101101110000011100000000000001000010000000101001010010000100000010111100101100001110 0
101110010000011000000000000001110001000000010011110001110010000011001100110000001000 0
100100000000001100000000000001110010000000110011101001010010001010111010101000001000 0
101000110000011101000000000010110010000000100110011101100101000010101001101000011000 0
011100000000011100000000000010010001001000100010101100110001000010011001100000001000 0
110010110001000100000000000001100010000001001011001010010100000011011101110100011110 0
101100010000011000000000000001010010000000110011101101010000000010111011101100001110 0
110100000000011000000000000010100000011000100001111001010001000011001100101100001000 1
010001000000010100000000000001000011000000111100000110100110000010001000011100001000 0
110000000000001000000000000001100010000001011100000110100111001010111011101100001000 0
100000110000000100110000101010100100000000001010001010010101000001000110010110110000 2
011100000000010001100000011000100101000000111011000010001010000010100111100001101000 0
100000010000101101000000011010100110000000001100000010010100000010000011010101101000 2
010100010000010000000000000010010001001000110010101000110100000010001000100000001000 0
011101100000000100000000000011010001000100010011101101010001000010101010100100001000 0
001011100000011100000000000000110011000000000011100100110000000001110111011000000000 0
010001000001010100000000000010000001000100101000000101000010000010001000011100011110 0
100100010000010000000000000001010010000001000100100001000010000010101010100100001110 0
010100000000010000000000000000100100000001010011100000100010001010001000011100001000 0
011110100000011100000000000010000011000000010110100001110100001010111010101000011000 0
100100110000100101100000000000110011001000011000010101110101000010111001100100101000 0
011100000000000000000000000011100000011000100001101100110010000010011001100100001000 1
100110010000010100000000000010100001000000010100110010000011000011001101110000011110 0
101100110000100100000000000010000001000000110011110101110010001011001100110000001000 0
010100000000000000000000000010000001000101000110001000100010000010011000100000001110 0
011100000000000000000000000011010000100000100010101100110001000010011000100000001000 1
010000000001000000000000000010010001001000110010100000100010000010000111011100001000 0
011100000000010100000000000010010001100000100010101101000010001010101001100100001000 0
011001000000001000110000000000110100000101001000001101100011000010011000100000011000 0
100101100000011101110000000000110011001100011000010101110111000010101001100100101000 0
011000000000010100000000000010110001101000010001101000100001000010001000011100001000 0
011100011110010001010000001100110100000000111100000110101110000010011000100000101000 1
100111000000001100000000000010000010000000010110100001110011001010111011101100001000 0
010000110000001001000000000010100011000001001001001001100110001010000111011100011000 0
101100000000100100000000000010000001000101000011110001010001000010111011101100001000 0
100000100000011000000000000001100010010001000100100001010011000010101010101000001110 0
011110010000111000000000000000110011000000010101100101110010001011001011101100011110 0
101000000000001000000000000010010001000001010111001101010100000010101011101000001110 0
011110000001001100000000000001110010000000101010010010010101000010111010101000011000 0
011000000000011101100000000000100101000001100111010101010100000010010111011100011000 0
101000000000000000000000000010110001010101001010001110010100000010111011101000001110 0
101101110000000100010000000011010001000000101001010110000011000011001100110000001110 0
101000110000100100010000000010100001000000110111011101110011000011011100110000011110 0
100001100000110001010000000010110010000000011010010010011000000011001011101100111000 0
011000000000100100000000000001010010000001010111100110110100000010001000011100000000 0
101100000000000000000000000011000000011100100001110101000001000010101010101000001000 1
100000110000010001000000000000110011000001011000000101000100001110101001100100101110 0
011100000001001100110000101001010101000000011101000110111010001000100100000110010000 2
011100000000010100000000000010000001010000100001110000110001000010101001100100001000 0
110001110000001000000000000001100100000001111010000001100100000011001011101100011110 0
001101000000101000100000001100010100000000101000010001100011001010000110011000011000 0
111000000000010100000000000010010001000100110010110101100010001011011101110000001110 0
010100110000001100000000000000100100000001010101100001010001001010001000011100001000 0
100101000000001101000000000001010010000000111000001001010010000010101001100100011110 0
111000110000001100000000000001110100000010111101000010100111100011001100110000011110 0
011001010000011000000000000000110011000000100100100001010010000010011001100100011000 0
101000000000000000000000000011010000100000110111001000110101000010101010100100001110 1
101101110000001000000000000010100101000000010111011110000111000010111001101100011000 0
010010010000001000000000000001100010000000101000001101000110001010011001100100001110 0
101100000000001000000000000010110001000000110010110001000010001010101010101000001000 1
100100110000001101010000000000100011000000110110011001010011000010011001100100011110 0
101100000001000000000000000010010001000101000100101001010100000010111011101000001110 0
010000110000011010100000000010100100000000011001001001100111000001110110011000111000 0
011101010000010000010000000000110011000001000101100001100100000010011001100000011000 0
100100110000001000000000000010110001000000110011101001010010000010111010101000001000 0
010100110000100110010000000000010111000001011001000101010110000010000111011100101000 0
101100000000010000000000000001110001010000110010110001010001000010111010101000001000 0
011000000000000000000000000000110011000001100101010000110100001010001000011100001110 0
011100100000101000010000000010010110000000011000010001100101000010101000100100011000 0
100110010000010100100000000000110101000000011000011010000100001110101011101000011000 0
010101000000010000110000000001000010000000100101011001000010000010011000100000011110 0
010100000000100100110000000000011011000001111101000010101100000010000111011100011000 0
011000110000011000000000000001010010000100100100101001010010000010011001100000001000 0
100100100010000100100000000010110100000000100111011101110100000010101000101000001000 0
011000000000010000000000000001010001001100110011100000100001000010011000100000001110 0
100100000000000000000000000010010001000000100010110001000010000010011010100100001000 0
101100000000011100000000000010100000001000100010110101010000000010111011101100001000 0
110000000001000000000000000011000000010000100010110101010001000010111011101000001000 1
010101000000011000000000000001010010000000110101011101000011001010011001100000001110 0
110100000000000000000000000011100000011100100001110101010000000010111011101100001000 2
011101010000001101010000011001010100000000001011000010000101001010101000101001011110 0
010100100000001100000000000000110011000000110011100000110011000010000111011100001000 0
111000100000101100000000000010100001000000100100110010000100000011011101110100001110 0
100100000000000100000000000011100000011100100010101101010010000010101010100100001000 1
010110010000001100000000000010010100000000000111010101010101000010011001100100001110 0
011100010000100100100000000010010110000000100101011101010100000010101001100100011000 0
010100100000010100100000000000100100000100110110010101010011000010000111011100011000 0
101000000000001101110000000010110010000000011000001001010100001110101001101000101110 0
110100000000000000110000000011010010100000101101000010110111000011001011101100101110 1
100100000000000000000000000010010010011101011000001001010111000010101010101000001110 1
101100000000000100000000000011100000010100100011110001110010000010111010101000000000 2
110010110000101100000000000001010010000000100100110001110010000011001100110000001000 0
101000110000000000000000000001110010000001011001001101110001000011001011101100001110 0
101100000000000100000000000010110001011000110011101001010100001010111011101000001110 1
010100110000010001000000000001000010000000100101011101000011000010000111011100001000 0
101000100000001000000000000010110001001000100011101101010001000010111011101100001110 1
110000000000000000000000000011000000110000100001110101000100000010111011101100001110 1
011000110000011000000000000001000011000001000111100110110011000010001001100000010000 0
110000000000001000000000000011010000110100010001110101000000000010111011101100001110 2
100101010000100100000000000001110001000000100010110001010010000010111010101000001000 0
011110010000010000000000000000110011000000110100101001110110000010111011101000001000 0
100000100000001000110000000001000011000000111001001001101010001010101001100100101110 0
011100100000110111100000000010100100000000001011000010000100000010000100011001101000 2
110100000000000100010000000010110100001010011011000110010010000010111011101100011110 1
011101100000000100000000000011000001000100010011101101010001000010101010100100001000 0
101100100000001100000000000001100010000001000011101101010001000010111011101100001000 0
101101010000100100100000000000110011000000110111100010000011000011001100101100011000 0
100101010000010000000000000001000011000000110101101010000010000011001100101100001000 0
110000110000000100000000000001010100000001111010000101110101001010111011101100011110 0
101000010000011100000000000011100000010000100110100001110100000011001011101100001110 1
100101110000011100000000000001100001010000010011101001010010001010101010101000001000 0
010001000000001000000000000001100101000110001001000101100100001010000111011100011000 0
100000000000010101110000000000100100000000111001000001001000001110000110011101001110 0
100000000000010100110000101010100110000000111001000101100100000001010100010000111000 2
011000000000001100000000000010010001011100100010101000110010000010011000100000001000 0
100101110000010000000000000010100001000000100100101001100010000010111010101000001000 0
110100100000101000010000000001010010001000100110100001110101000011011101110100001110 1
101100000000000000000000000011100000101100010001110101000010000010111010101000001000 1
000100110000101000110000000010110100000000101110001011100110000001100101010100100000 0
100000000000000000000000000011010000111000010000110000100001000010011001100100001000 2
100111010000010100000000000010000010000000000100101101110011000010111011101100001000 0
101001010000000100000000000001100100000001011010001110010111001011001011101100011110 0
100010110000101100000000000001000011000001000110011101100010000010111010101000001110 0
110100000000101010100000000001100101010000101100000010010100001011001010101101101110 0
100001110000010001100000000000010110000000001001010110000100000010011010100100111000 0
101100110000100100000000000001110001000000110011110101110010001011001100110000001000 0
100100000000100100000000000001010010000001010011101001000010000010101001100100001000 0
100000000000011100010000101010100111000000001001000101100101000001000011010000101000 2
010001100000101100000000000001100001000000100100100001000011000010111001100100101110 0
110000000000001000000000000001010100000010001010000101100100001010111011101100011110 0
110000000000011000000000000001100001011100100001111001100001000011001100110000001000 0
100000000000100100000000000001100010000110010110010101010111001110101001100100001110 0
010000110000010000000000000001100010000000110110100001110100000010001000011100010000 0
001101000000010100100000000000100100000000110111001101000100000001110110011000011000 0
011000100000101010100000000010110010000000001001001001100111001001110110011000011000 0
010100000000000000000000000011100000110000010001101000010000000010000111011100001000 2
100000010000111010010000101001001110000000001101000010110101010100010101010011011000 2
011000000000011110100000000010110011000000000110001100110110000010010110011100101110 0
001101110000011100000000000000100100000000110101011101010010000001110111011000010000 0
011100110000011101010000001100110100000000111000001001010101000010011000100000101110 0
100000000000011100110000000001000011001101000111010101100100000010111001100100101110 0
101000000000000000000000000010110001011100100111010101010100000010101010101000001110 1
100110110000010100000000000000100101000000100110100110000011001010111010101000001000 0
100110000000011000000000000010100001000000010100101110000011000010111011101100011000 0
100100100000010100000000000001110001001000100010101101000010000010101010101000001000 0
011101100000001100000000000001110010000000100101100101110101000010101001100100001000 0
011100000000100101110000000001100110000001011011000010000100001010010111100000011000 0
011100000000001100000000000011100000111000010001100100010000000010011000100000001110 2
101100000001000000000000000011010000101000100010110001010100000010111011101100001110 1
011100000000011000000000000011010110000100000010101101000001000010011000100000000000 0
101100010010000110100000000010111000000000011101001011000110001010110101101100101000 0
010000000000000000000000000011000000010000100001100100100010000010000111011000000000 1
110000000000010000000000000011010001000000110011110101110001000010111011101100000000 1
100001010000100100010000001101000011000000101001001001100100000010110111100001101110 0
101101110000001100100000000010100100000000010111011110001000000010111010101100011000 0
110001100000000100000000000010000001000000111000010001100100000011001100110000001110 0
101100100000100100000000000011010000011000100100101001010010001010111010101000001000 0
100001000000010101000000000000110100000001101000001001000100001010101001100100101110 0
