01000111001110000010011101011010011000100010 2
01010011010100100010001000100111011101010110 3
01100010011000100001001000100111100000111000 2
01100101010100010010011101001000100000100100 2
01110100011000010010000000001000011101000110 3
01010011011100100010001000101001101000110101 3
01100111001100100010001100101001011000010011 3
01110100010000100010011010001001011000100011 2
11000010100000110010010000111101010001010011 3
01011101000000010010000000000111101000010110 2
01000101001000100010010100111001100000110010 2
10100010100100010010000100011010001101000010 3
01000011010100100010010000110111100100110110 3
01000110000000010010001100101001101000100010 2
00010101000000010001001101010011101001101011 4
10000011011000100001100100111001100001010101 3
10000010011100010001000100001001010001000100 3
01011010000100010010001100010111011000100100 3
01001001000100100010000100001000100000100011 2
01000101000000010010001100101001100100110011 2
01000100000100010010000100011000011101010011 3
10000110010000100010000100101001010000100010 2
01000100010100010001011100111000011100110100 4
00100100010100010010011101010111011100110011 2
10000010011000100010001000011100100101100011 2
10000010010000010010001100100110011000111011 3
01100111010000010010001000011000011100110100 2
10100101100000100010001000101011010100110101 3
00110101000000010010010000101000100100110100 3
01100010011000010010010000010110010100110111 3
01100100010000100001001100010110011001010111 2
00110011100000010110010000100100100001101010 3
01010101010100010010001001001000011100110011 3
01000111000000010010011100100111011100110110 3
01010011011000010001001000010111011101000011 2
00110011010100010010000100100100011100011001 3
01000100010000010010001100010100100000111001 3
01100111001000100010001000011010100000110101 2
01010101001000010010010000100101011000100111 3
01000101010000010010100100110110010100010010 2
01000010010000010010011101001000100100010010 2
01000101010100010010000100111000100000100010 2
01000011010000010010011101001000100000100011 3
10110010100000100010011000101011011001010100 3
00110110000000010010010000011000100001000011 2
00010011100001000001011001000000100100111101 3
01000100001100100010001100101000100000100101 2
00110111000000100001000100010110100100111000 3
01010101010000010010001000111000011100100010 2
01000101010000010010010001010111011100100011 3
01110001100000100010001100101010100101010100 3
10110011100000010001000100011011010000110010 3
01000011010100010001011100111000100101000100 2
00110100000100010001011000100110100001010101 3
01010011100000011011001000011001010001110010 3
10000100100000100001000100011011010100100010 3
00110101001000010001011100110111100000110011 2
01110101010000110010010101011011011000110011 2
01110110010100100010001001011001011100110100 2
01000100011001010010001001011001011101010101 2
01010001011100010010001000010100011000101010 3
10010011100000100010000100011000010100110110 5
00100100000101000010001000011000101000111000 3
10100001100000110010000100011011011101100100 3
01100100010100100010010101111010011100110010 2
10010110100100100010000100001100010101000011 3
10000011100000100010000100000111011000111000 4
01100011011101100010010100100110011001001010 4
01010010010100010001001100100100100000101010 3
00110110000000010010001000010111100000110011 2
01000010011100010001000100010111100101011001 3
01010110101000010011001001011000011000100010 2
01000110001001010011101101101010011101000010 2
01000011001000100010010100100111011100100101 3
10000010100000010001000100000101011000111001 4
10100100011000010010000100011000010000110100 3
01100101001100100010001001001001010100100010 2
00100100000000010001011000100011100100011010 3
01000100000000010010001100010110100000100101 3
01010101000100010010001000011001100000110100 2
00110101000100010010001000011001100100100001 2
11000011100001010001000100101101011000111001 4
01100101010000010010001000011001011101000011 2
01000111001110000010011101011010011000100010 2
00010100010000100010010101000110110000111001 3
00110101001000100011010100100110100101000111 4
01010100000000010010000000010110010100010011 2
00110101000000010010100100110110100001010111 3
10000010011100100010010100101010011100110011 3
00110100001000100011001000101001110000110011 2
10000100010000100010001100011100011100100100 3
00110100000000010001010100010100100100101010 3
01000101001100010010000100010111011100100011 2
01010101000100010010001001100111010100110011 2
01010111100000010011100010001000011000110010 2
10000011011100100010010001011011010100010010 2
01100001100000010010101001010110011101001000 4
00110110000000100010001100100110100000100110 3
00010100000000000001010000100010111000111011 3
01010010011000010010001000011001011101000011 3
01100111001000100010001000011001100000010100 2
01111001010000100010001001011011100100100011 2
01010110001100010010011001101000010110000010 1
01000101010100100010001101011011100100110011 2
01000110000000010010000100000111100000010011 2
01100101001000100001001000101000011000100011 2
10010010100000010011010000101001011101001000 3
01000110010100010010100001100111011100100011 2
00110100010000010010001100010101100001010111 3
10100100101000010001000100011001011000110100 3
10000100011100010010000100010111010101000111 4
01000111010000010011010001011000011100100010 2
01000101000000100010001000100110100000110110 3
01011000000000010010001000011000011000100011 2
01000011010100010010010000010101011001000111 5
01010010101000100010001000011010100000110101 2
01100111010000100001001000100111010100100010 2
01100100011000010010000100011000011000100010 2
01100101100000010111010101101000010101110010 2
01000011010000110010011001011001010100100010 2
01101000000000000010100000100110011000100011 2
01000101000100110010011001100111011000100010 2
01000101010000010010001000011010100101000011 3
01100111000000100010001000011011100001010010 3
10000010100000010010001000011010011001010010 3
01100100100000010100000100011001011100110010 3
01010011010100100010011001111001011001110011 2
10100011100000100010001000101100010100110101 2
10000100100011100101101101001110010101000001 2
10110101100000100010000100011011010100100111 2
01110011010000100010001100101001011001000100 3
10000011011000010100011001011011010100110000 2
01100010010100010001001100010110011101011000 4
00110011001100100010010000110110100000100100 3
01000100001000010010001000101000100100100011 2
00100101000100010010011100100110100100100101 2
01111000010000010010001100011000011000110100 2
01000011001000010010010000010111010100100010 2
00110101000101100001001000010111100000100110 4
01000010010100010001000000000111011001110100 5
01000101001100010010100000110110010100010010 2
01100101011110000010011101101011011100100010 2
01100101011000100010000100011010100000100101 2
10110100100100100010010000111100010100110101 3
00110011011000010010001100100111100000100010 2
01000111001100010010001101001000011100110010 2
00110101010101000001010001101011011110000100 2
01000100001100010010001000100111100000100011 2
01100010011100010001001000011000100001000100 3
01010101001100010010010001100111011100100011 2
00110100001000100010001000010111100100100100 3
01011000010000010010001000111000011100010011 1
01010011010100010100000000101000011101100011 3
01100110000000010010001000011000011100100100 3
01000011001000110010011001011001010100100010 2
00110101001000010010001100101000101100110011 2
01010100010000010010001101100111011100100010 3
10000101100000010010001100101011011100100011 1
01100011011100100010011100110111011101001001 3
00111000001101000010001100111010101001000010 3
01010010100000010010000100000101011100111010 4
01010111010000010010001000101000100000100010 2
01010011011000100010001000101001100000010010 2
00110101000000010010101100110110101101001000 3
01000010010100100001010100100110100001001001 4
00110110000000010011000000000111100000110011 3
00110110000000100011010100010111100100110101 2
01011000010000110010011101001000011000010010 2
01110111010000010010000100011000010100100100 2
01010010101000100010001000011010100000110101 2
01100001010000010010000000011010100001010101 3
10010010011100010010000100011010001100110010 3
01010110011000010010001100111001011100100101 1
00110011010000010001000100000111100000100010 2
01000011110000011110001000101000010010010010 2
11000010101000100010000100011100010100110011 3
01110110001000100010001000101010011100100011 3
01000100011001100010010001011001100001010101 2
01000101000000010010001000010110100000100110 4
01100100010100100010010101111010011100110011 2
01100010100000010001011000101000011101110101 3
01100011101001100010000000001010011100100110 2
01000110010100100001011101010101011101001011 3
10000011101100100011001000011000011001001000 4
01100110001100010010010101101001010100010010 2
01100011001100100010010000111001100001000011 3
00110100010000010010010000100110100000110101 3
10000100101000010011000100011000011100111000 3
01010010011000010001000100000101011100100111 4
00010011010000010010010100110101110100111010 4
11000101101101010010000100101110010001000100 4
01000111010000110011011101011000011000010010 2
01100011010100010001000100010111011101010111 3
01000111011100010010001001010111011000100011 2
01000010100000100010010100111000011100110100 3
01100000011100010010001000010110100001001001 4
01000111000000010010010000011001100000110010 2
01100101001100010010000100011000011000010011 3
01000011100000010010001100101001100100110010 2
01010110000000010010001000010111100000100011 3
01010110000000100010010000100111100001001000 4
00111000000000100001011100100110101000101010 4
00010101000000010010001100110101101100100100 2
01100010010100010001001100010110011101011000 4
01000100001000100001001000111000100000100010 2
01100011101000010010001000101010101000110101 2
01010110010100010001100000110111011100100100 3
01000101010000010010010101010111011100100011 2
10100011101100100010010000101011010100110110 3
01110100001100110010001000011010011000100101 3
01010010011100010010010100100101010101001010 3
01100110010000100110000100011011011100110001 3
01100110101100011010010000110111010010000010 2
01010100010000010010001100010111011000100100 3
01100100010000100010011001101010010100100010 2
10010100100001000011001000011100010000101000 3
00111001000100010010001000110111100000110010 1
01000011010100100001001000010101100000111001 3
00110101000000100010010000100100100000111010 3
01000110000000010010001100101000100000100001 3
10000110001000010010001000010111001000010011 2
00110110000000010001011000100110100001010110 3
00110110000001000001001000010110100100101000 1
01000010010000010010011100110111100100100100 2
01110101001100100010010000111100010100110010 2
10000011100001100010000100011010011101011000 4
10000011101000100011001000101001011000111010 3
11000100100000010010001000101100010100100001 3
01100100010000010011010001111000001011100100 3
01000110001000010010001000010110011100100100 2
10001001010000110010001001011101100100110111 1
01010010011000100001000100000100011101001011 4
01010101010000100010010101011000011000100011 3
01000101000000010001000100000111100100100111 3
00110100010000010010000000010111011000110010 2
01000101001100010010000100000101010100100011 3
00110100001000100001001000010011011100101011 3
01000010010100010001010000100110011100010110 3
00110101000100100010000100011010110001100010 3
01000010011100100001011100110110100001010111 3
01000011010100010010100001001000100100100010 2
01000101001000010010011001100111010000100011 3
01100101010000100010000100011001011100110010 3
01110011100000010010000100011001011000100011 2
10000100101000100011000100011000010000111000 4
01110011011100010001010100100110011001010110 4
01000011100100100011000100000111100000100111 3
01000100001000010001010000010111011000110100 3
00110111001100100110000100100111100000110101 3
00110100000100010001010000100110011100110011 2
10000001011100010010000100011001011001110110 4
01000110000000100010000000001001100100100010 2
01010101001000010010100000100110100001011000 3
01000110000100010010001000011010110001000011 2
10110101100000100010000100011011010100100111 2
01001001001000010011001000010111011100100011 2
01000000011100100001010000010100100000101010 3
00110110001000110010001101111000011100110011 2
10100010100000010010001000011001001100110100 4
01010011010100100010001000100111011101010110 3
00100010010000100010010100110111100101100101 2
01000111000000100010010100100111011100010010 2
01100011101001100010000000001010011100100110 2
01000101010000100010001001000111100001000110 2
10000010100000100010001100101011100001010101 4
00110111001000010010001001000111100000100100 2
01010101001000010010000100011000100000100010 3
01110101011100100010010100111000011001000111 3
01001011001000100010000100000111101000110111 1
01101000001000100010001000011010100000110011 2
01000110000100100010001000101001100101000011 3
00110110010101100010000100101000100000110101 2
01100101010100010010000100011010100000100010 2
01100110010000100110000100011011011100110001 3
10000101000100110010011101001100011101000011 2
01000110001100010010001000101001101001000100 3
10110011100000100010001000011011010001010101 3
01000110000100100001000100000111100000100110 1
11000011100100010010001100101100010000100001 2
01010100010000010010001100101010100100110001 3
01010011011100100001001000010110010101010111 4
00110111000000100010010000010110101000111011 3
01000001010100100001001100110101100001001000 3
01000101001100010010000100010111011100100011 2
10100110101101100010000100011010010101101100 3
00100110000000110010011100110111101000110111 3
01000111001100100010010101000110010100010010 2
01010100010000100010010100101001100101101001 3
01100010011110010011000000001011011000110110 3
00111001010101000010001100100111101000100111 2
01000101001000010010000100010111011100110010 2
00110111000000100001100000111001101001000100 2
10000100011100010010001000100111011000111001 3
01000100000100100010010000101000100000100110 3
01110011011000100010001000011010100001000100 3
10110100100000010010000000001000010100110101 2
01010101001000100010001100111010010100110010 3
01000011010100010010011101001000100100100011 3
00100100001000010001001100100101100100101000 3
01000110000100010001000100000111100000010010 2
00110101000000010001001000011000100100110010 2
00100100000000010001001100010101100000010011 2
01110010100100010010011000111000011101000110 2
01010100000000010010000100000111011000110100 3
00100010100000110001010000100110100000110110 3
01000111000101000010000100000111100000010110 2
01000110010000100011010001000111011000110010 2
01111100010100010010011110001001010100100011 2
01010100000000010010001000100111100000100100 2
10000011011100100010001000111010011000100011 2
11000100100001000010000100101110011100111011 3
10000100100100100010011100111000011001001000 4
00110110000100100010001100010111100000110111 3
00111000000000010001011000100101011100100110 3
10010011100100110010010000111011011001000100 2
01010100000100010011001000101000011000110011 2
01010011010100110010000100101001100000110101 2
01000001010100010001010000101000100001000110 4
00100010010000010001000000000010100000101101 3
01000111000100010010001000010110011100100011 2
