01000011001100000010001001010001011101001101 4
00110100000000010010000100110010011101010110 2
01110011001100010001001000110010010000101010 3
01000011001100010110001001100010011100110011 2
01110010010100010010001001000010011001010101 3
01100011001100000001001001110010010100111000 3
01000001001100000001001000110001101001111001 4
01010100001100010001000100110010101001001001 4
01000010001100000001000100100001011101101001 3
01100100010000110010001001110100011110000011 2
00110010001000010010000101000010100001010101 2
01000011001000100010001001000011011000100110 2
01100011010000010001000000110010010100111000 3
01010010001100000010001001100010011101000011 3
01010010001100100010001001110011100101110110 3
00110100001001000010000101100011010101000010 2
01000110001000100100000101110011110010010011 2
01100010010100000010000101000001011001011000 2
01101000000100100100000101100011100101000011 1
01000010001100110010001101010010011100110111 3
01000101001000010001001001000001010101001000 3
01100110001100100010000101000011100101000110 1
01000011001100110010000101010011100101010100 3
01000001001100100001000100110010100000100101 3
01100001010000000001001001010001010010101100 3
01010010001100100010001101100011101001000101 3
01000010010101000010001101100100010001110001 3
01100001010000000001001001010001010010101100 3
01000100001100110010001101110011011101000100 2
01010010001100000010000101010010100101110101 1
01010011001100010010001001000001011000101100 3
01100100001000010010000101000010011001001001 2
00110010001100000001000100110001100000110111 4
01000011001100000010000101010001100000101010 2
01010010001100010001001000110010011101001001 3
01010010001100100001001000110010011001011000 3
00100010001100010001000100110001100001001100 4
01000010001100000001000100110001100001111010 3
01000011010100110001001101100011011001010100 3
01000100000100100001001001010011100001010100 2
01000010010000000001001001000001100000111100 4
01100011001101000010001001000100100001010100 2
10010010010000000010000101010010001101010111 2
01010101010000110001001010000011011001010101 3
01000101001100000010000100110001011001000110 2
01000100000100000001001101010010011001000101 2
01000100001000000010001001100010011001010100 2
01110111010100000001000101000010011101000111 2
01100011100000110001001101100011010001000010 2
01000101001100100010001010000011100101100100 2
01100001001100110010001001100011001101000010 4
01000011001100110010001110000011010100110010 2
01000100001100100010001001110010100101100111 2
01010011001100110010001101010011010001110110 3
00100010001100010010000100110010101001100101 4
01000011011101010010001001100100101101000101 3
01001000001000010010000100110010011000100011 3
01000011010000100001001110000001010101001101 3
01000001010001000001000101000011001001010100 2
01000011001000100010001101110011011101000011 2
01110001010000000001000100110010010001101000 3
01010100010000100001001001010010010100011010 4
01010010011101000010000101000011001001010100 3
01010110001000000010100010110010100000111000 0
01010011010001000010001001010100011100110010 2
01010011001000100001001101110011011101100010 2
01010010001100010010001101010010011001101000 4
01000011001100000001001001010001100101001001 2
01010010001100010001000101000010100110000110 1
01000110001000000001000100110001010101001100 4
01010011010000000010000001010010011010011001 3
01010000001100010001000101010010010000110111 3
01100001001101000010000101010011001101000010 4
01010100001100100010001001100011011001100100 2
01010101010000110001001010000011011001010101 3
01000011001100110001001101010011011100110111 3
01010010010000000001001001000001100101111000 4
01000100001100010001001001010010011101000110 3
01010100001000100101000101010011010001110100 2
01000011001100100010000101100010100001101001 3
01000001001100110001000101010011001000110011 3
01010011001100100010001010000011101110000110 3
01010011010000010011000101110011100000010100 2
01010001001100010010001001000010101000110100 3
01000001001100000010001001110010101101010100 3
01010010001100000010001001010010110110100110 3
01100001001000100010000100110010001100100100 3
01010100001000000010001001100010011001000101 2
01010001010000110010001001000011010101100111 3
01000011001000100010001001110011011101010011 2
01010010001100100010000100110010011101100100 3
01000010001100000001001000110001100001111010 4
01000011010001000010000101000100011001010011 3
00100010001100110001001001000011010101010100 3
01010011001000100001000101000001010100111101 3
01000010001100100001001000110001010101101101 4
01010011001000010010011001110010100010000111 2
01010011001100100001001101000010011100110111 3
01010001001100000001000100100010101100110101 2
01000010010000100001001001010011011101010100 3
01100010010000000010000100110010100001000111 2
01100011010100100010001001110011100101010101 3
01100011001101000010001001000011010101100110 2
01100101010100110100001101100011001101010011 2
00100100001000000010000000110001101101000111 3
01110011001100000001000101000010011001010101 3
01010011001100100001001001000001011010001100 4
01010101001100110010000100100010011100011001 2
00110010001100000001000100100000100000101100 3
01010010010000110010010010000100011010010100 3
01000011010100000001001000110001011100101101 3
00110111001100010010000101000010100001000011 2
01000001010000000010000100110001011001001011 4
01000100001100110010010110000011011001010101 3
00100011001000000011001101100010100001100010 1
01110010010000010001000000110010011001101010 2
00100001001000010010001001010010011101100101 3
01010100001100000001001001000001011010011011 4
01000011010100100010001101100010011110010110 2
01000101001000010001000101000001100101101100 5
00110010001100000010000101000010101101010101 3
00110100010000000001000000100001100000101001 1
01010011001100110010001101000011011001100101 3
01000011001000110010001001010011011010000100 2
01000100001000010001001001010001011100111000 3
01010100001100000010001101100001100001101110 4
00110010001100010001010001010001011100111001 3
01000100010000010010000101010011011001000100 2
01010100001100010001000100110001010101011011 4
01000010011000000110001101010010011000110011 4
01000011001100100001001001000010100000011011 3
01010010011101000010001001100100101010000011 3
01100010010100100001001001100011010101110100 3
01000011001000010001000101000010010001000011 2
01000100001000100010001101110011011101000100 3
01100101001100010001000100110001010101111100 4
00110010001000000001000100110001100101101001 3
01010011001100010001001000110010100100111001 3
10000010001100100001001001010011011001000100 3
01010011001100010001000101000010100110010101 3
01000000001100000001000100110001100110011010 4
00110010001100100010001001010010011101100111 3
01000110001100000010000101100010110101110101 2
01100010010000000010000000110010100001011010 3
01010010001100010001001001000010100001010111 2
01000011010101000010001001010011011001010011 2
01000011001000100001000101010011100101110110 3
01000100001100010001001000110001100010001100 4
01000100001000100010000100110011011000110101 1
01000011001000000001001001000001100001001000 4
01100010010000100010001001010011010101000110 2
01100100001100100010000101110010010001010111 2
01010001011100110010000101000010100000111011 5
01100010010000000001001001010001001101001001 2
01101000010000111110000110000100001101010011 2
01100011010000000001000101000001011000110111 4
01100011001100110010010001100100011110100010 2
01010100001100000010000001100010100001000111 2
01010100010000100010001001010011011001000100 2
01010010001101010001010010000100011001010011 3
01010100001100100001001001000001011001111100 4
01010011001100010001000101010010010100010111 3
01000011001000100010001001100011100001000011 2
00110010001001000010001001000100011101000010 3
01000100001100000001000101000000010000111101 3
01010011001101000010001001100011011101000011 2
00110001001100010001000101000010100101000011 2
01000010001100010010000101000010011101100100 3
01010010001100000010001001000010101010100111 3
01000101001000100010000101010010011101101000 2
01010011010000000001001101100001100000111011 4
01000001001000100010001101010010011000110101 3
01000010001100000001001001000001011110011010 4
00100011010000000001001001010001100000111011 3
01010010001101000010001101100100011101110011 3
01010001010000000010001101000001010001001000 2
01010011001101000010001001100011010101000011 3
01010010001000000010000100110010100101100101 2
01010011010000100010001101100011011101010100 2
01010010001000010001001101110010011110100101 1
01000001001100000001001000110001010001101010 3
01010010010000010001000100110010011010101010 3
01000101000000010010000100100010011101000101 2
01110010010100000001000100100001001101010110 3
01010100011100010100000101110010101110011010 3
01100010001100100001001101110011011001100100 3
01000011010100010010000101000010010011100110 3
00110011001100010001000101000001011101001010 3
01000011001100100011001001000011010001000010 2
01000110000100010010001001010010011001100101 2
01100010001100110010001001110100011001010011 3
01000100001100000001001001010001100101111010 4
01000100000100010010000000110010011001010011 2
00110011001000100010001101110011011101000011 2
01000011011100010001001001010010011101000101 2
01100100001000110010000101010011011001010100 1
01010110001100100010001101100010011000111010 3
01010010001101000001001101100100011001110011 3
01010010001100010010001001010010011000100110 3
01000110001100000001000101000001011001101100 4
01100010001100110010001110000100011001010011 4
01000011001100000001001001000001011110000111 3
01010111000100000011000101100010010001110011 3
01010101011000110010001101010011010101000010 3
01010001001100110010001001010011001100110011 4
00101000000100010010000100110010100100110011 2
01000010001100000001000101000001100101001000 3
01010100000100000010000100110010011001000010 2
01000010010100110010000101100011010000110011 2
01000001001100000001001000100001011110101001 3
01110001010000100001001001000010001100111010 3
01100010001100100010001000110011011001010101 4
00100011010100010010001101010010100010100101 3
01000011010100110010001101110011011101010100 2
01100011001100100001010001110011011001010101 2
01000010001000110010010001010011011000110100 2
10000010010000000010000101000010010001000101 2
01010010001100100010001001110011100101110110 3
01010111010100100001000101100010100001011011 3
10000001010100000010000101000010011001100110 1
01010010001100000001001001010010011000100101 3
01010100001100100001001001000001010000101011 4
01000011010100100010010010010011100001010100 3
01000001001000000010000100110010110101100110 3
01100100001100100001000101010011010100100100 2
01010010001100000010001001000001010001000110 3
01000011001000010001001101010010100000110100 3
01010110001100010010000101000010100001000111 1
00110011001000000010001001100010100001000110 3
01000000001100000001001001010001011101100111 4
01010011001100110010001101100011011001100011 3
01100011001101000010001001100100010101010011 3
01000101001000010011000100110010010100110011 3
01100010010000100010001101000011010101100101 3
00110011001100100001000101000010101000100111 4
01000011010100110010001101110011011101110011 2
01000010001100010010001001100011100010100100 2
00110010001001000010001001000100011101000010 3
01010011001100010010000101110010101001110110 2
00110010001100000001001100110001101100111000 2
01000010010100010010000100110001100000111001 3
00111010000100100010000000110010101001000110 2
00110001001100110001000100110010100000111001 5
01010010010100000010000101100010100010001000 2
01100100001100010010001001100001001110101011 3
01100011001100010001001001010010101001110111 4
01010011001100010001001010000010100001011010 3
01110010001101000001001101000011001100101001 2
01010101100000001001000100110010011101000110 3
01000011001100110010010010000011011101000101 3
01010011001100000010001001010001011101010111 2
10010011011100100010001010000011010101000101 1
01010100010000010010000101010011011001000100 2
01000011001100010001000100100010100001101000 3
01010001001100010010001001000010011001011000 5
01000011010100100010001001110011011101010100 2
01110010001100010010000100110010001101000100 3
00110011001000100010000101000010101001110110 3
01000010010100011000001101010010010100110011 2
01100011001100110010001101100011011001110101 2
01100001001100100011001001000011011100110100 2
01010001010100010010000101000011100100110100 3
01000100001100000010000101100010100101010110 3
00110100001100000001001001000001110001011101 5
01100100001100110001001001000011100000010011 3
10010011001100000010001001010011011001010011 2
01110010010000010010001001100010011101001001 2
01000001001100000010000100110001100101000111 4
01100010010100000010000000010001011000011001 2
01000011001100000001001001010001100000111100 4
01000010001100010001000100110001011101001010 3
00110101001000010001001001000001011110001000 3
01010011001100000001001001100001100000111010 5
00110011001100000010001001010001110001001011 2
01010001001100000001000000100010101101000101 2
01110010010000000010001001000010011001011001 4
01110100001100000001001101010001001100101001 2
01010011001100000010000101000010101001110110 3
01010101001100000001001101000001101101111100 5
01010010010000000010001001110010110001100110 3
10000011001100110001001001100011011001010111 2
01100101001100010001001000110001011101111011 4
00110011010000000001001101010000010110001101 4
01100011001100010001000100100010001101010111 2
01010100100000001000001000110010001101010011 2
01000011001000100001001001100011101001110101 3
01000100001001000010001001100011011001000011 1
01000100000100010010000101000010011101010100 2
00100011001100000001001001000001100101001001 4
01000010010000000001000101000001010100011010 4
01000100010000010010001000110001011000111110 4
01000101010000110001001110010011011101110011 2
01010011010000100001001001000001010101111100 5
00110011001100100001001001010010100101000111 4
00110100001100010001000100110001011101101000 3
01100001001100110010001001100011001101000010 4
01100000001100110001001001000011010101111000 4
01000001001100000010000101000001011000110110 2
01010011001100000001001001100001011101011001 3
01000011010100100010001101100010011110010110 2
01100001001100000001000000100010100100110101 2
00110010010001010101001101000011011000101100 2
01000001001100110001000101010011001000110011 3
01110100010100110010001101110100010101110100 3
01000001001000000010000101000001011101001000 4
01000011001000000001001001000001011000111011 3
01100010001100100010000101000010011000100110 3
00101001000100000000000000000010100100111110 1
00110101001100000010001001000010011101010101 3
01100011001100010010001001100010011110011001 3
01110011010000000001001001000001011001011011 3
01010100001000010001001000110001011000111011 3
01000001010000000010001001000001011010101001 4
01110011010101000010001010000100010010000011 2
01000100001000010010001001010010100101101000 2
01000010001100110010010001100011100101010110 3
00100101001100100010000100110010100001001011 3
00110011001100100001001001010010100101000111 4
01011000010000110011000101010011011100100011 2
01010110001100010111001101100010011001010101 2
10000011001100000001001000110001001100111001 4
01010010001100100001001001000010010101101001 4
01010010001100100001001010010011011101100110 3
01100100010100110011001101110100011101100011 1
01010010101000000111001001000010001101000011 3
00110101000100000010001001000010100001010101 2
01000010001101000001001001000100011101000010 3
01010100001100010010000001000011011100110011 2
01000100001000000010000101000010011100110001 2
00101000000100100010001001010010100101110100 3
01010011001000100001001101100011011001010100 2
01000010001100010010001001010010011100111000 2
01100011001000100010001010000011010101110011 3
01100010001100100010001001010011100001100110 3
01100001011100000001000101000010100001000110 3
01010100001100010010000001000011011100110011 2
00110011001000100001000100100010100100100110 2
01010100001100100010001101110011011001010110 3
10000011001100010001000101100010010101010111 3
01000011001100000001000100110001100010011001 4
00110001001100010010001101010010110001000110 3
01100011010000010001001101010001010100111001 3
00100011001000100001000101000010101001011000 3
00110010001100000001001001000001100001000111 3
01010100001100100010001001100011011001100100 2
01100011011000110001001001100011010101000010 3
01010011010100010010001001010010001100110100 3
01100100010100000001001001000001010101001100 3
01010100001100000001001001010001011101001101 3
00110001001100000001001000100001100101001001 3
01100101001100010001001000110010011001111011 4
01100011011100100010001101100011011110000101 3
01000011001100110001000101000010011100111000 3
01000010001100010001001001010010100010010100 3
01000101001100110010000101100100100101100011 2
01100001010100000010001001010001011000111010 3
01000001001100000001001001010010101001100110 2
01000011001100000010001000110001100101111010 4
01010010010000000001001001110001100110011100 3
01110011001100000010000100100010001001010100 2
01010010010000000001001000110001011001010110 2
00111001001000010001000101000001101101011100 3
01100100001100100011001001100011010110000011 3
01000101010100000110000000100010011001100101 1
01010010001100000001001001010001100001101100 3
01011000001100010001001001000001011101101101 4
01110010010000000001001001000001010001111101 4
01000100001100010010001001100010011110000011 3
01100011011000100001001101100011001101000010 3
01000011001100110010001001100011100101000100 2
01110100010000100010000101000011101001010011 2
01100100010000100110001101110011010001110100 2
01000101010000110010001110000100100001010010 3
01100011001100000010000100110010100001100110 3
01100001001100010010000100110010010101010100 3
01000100001100000001001001010001011100111100 3
01010010001100010010000101010010100000110011 3
01010010010001000010001101100100100110110100 4
01110011010000100010001001010100101001000011 2
00110101001000110010010010010011011000110011 3
01000110000000000010001000110010011001010101 1
01010010001100000010000100110010100000111001 3
01100010010000000010000101000010011101110111 3
01000011001100100010001101110011010101100010 1
01000010001100110010001101100011110001000101 3
00110010001001000010001001000100100001010011 3
01100100001100000001001001010010011101101001 3
01000011001100100001001001100010011101100110 3
01100100001100000010000101000001100101101100 3
01000010001100000010001001010010100001100100 3
00110010001000100010001101010011011100110110 3
01000100010100010001000100110001011001011011 4
01010010010000000010000100110001001100101010 3
01000101001000100001001101100011011101010100 2
01000010001000000010001001010010111010000111 3
00100100001100010001001001010001100100111001 3
01010011010100010010001101100011011101010100 3
00100010001100000001010001000001100011101011 4
00110010001100010001001101010001011001001001 4
01000010010000100010001101110011011101010011 3
01100010001100100010010001110011011001000101 3
01010110010000010010001001000001010101001110 4
01100010001100110010001110000100011001010011 4
01100100010101000010001110010101001101110010 3
01010011010001000010010001110100011110010100 2
01000100001000000010001001110010011101000101 3
01000011001001000001001101010011011000100100 3
01000101010000010000001001000001011000101011 4
01000001001100000001000100110001101101001000 4
01100100010001000010001001100100010001000011 2
01010110001100010010000101000001011100111001 4
01010011001100100010001101110011011001010100 3
01110111001101000010001011010100010110001000 0
01010101010000010001000000000001100100111100 0
01010100011000100001001101110010011001110111 3
00110001001100010010000100110010100101000011 3
01000101001000010001001001000001011001001101 4
01100010001100000001000100100010011000110110 4
01010010001100010010001001000001010110000111 4
01000100010000000010001001010001011101001100 3
00110101001000000010001001000001100001101000 3
01100011001100000010001000110001010100111001 3
10000010001100110010001001100100011001010010 4
01010010010000000001000100100001011100111000 2
01100011010000110010001010000100011110000011 2
01110010011100010010001001000010100001001011 3
00100011001100000010001001000001100110001001 3
01000001010000000010001101010010100101010110 3
00100100001100100001001001000001101000111001 3
00100100001000000001000101000001110001001101 4
01010110001100110100000100110011010101000100 2
01010011010100000001001000110001010100101011 3
00110010001000000010001101110010111010010101 3
01100011010100010001001001010001010100111001 3
01010011001101000010001001100011010101000011 3
01000101001000110001000101010011011101010111 2
01000100001001000010001001100100100001100011 2
01100101001100010010000100110011101110010111 3
01000010001100000001001001000001100101011000 3
01100101001100010001000001000001001110011011 2
01010010001000000001001000110001001100111011 3
01010110001000110010010001110011010101010100 2
01000011001000100010001101110011011101000011 2
01000100001001000010001001100100011001110011 2
01010011001100110010001101100100100110000010 3
01100100001000010001001000110001001100001011 3
01100010010000010011001010000011100000100100 3
01000010010000100010001001000010010000011000 4
01010011010100110010010010000011010010000011 2
01100001001100010001001001100011101101000011 1
01101110011011100011000001101110101010011010 3
01110011001100000001000101100001010010011010 3
01100010001100110010001110000100011001000010 5
01000011001100100010001101100011010101000011 2
00110100010000100001001001000011101101011000 3
00110001001100010010001001010010110101000111 2
01000101001100010001000101000010100110011100 3
01000011010000000001001001000001011100111100 3
01010001001101000010001001010100001101000011 4
01000100001100010000001000110001100000101011 3
01000010001001000010001001000100010101000010 3
01000110001100010001001000110001011001001011 4
00101011000000010010000100110010100100110011 2
01010000001100100010001001000010011100110101 3
01000100001000110010000100110010010100011001 5
01000011001000010001000100110001010010011101 3
01000011001100110011010001100011001001110011 2
10010010010101000011001110100100011001010011 2
01000001001100100010000100110011100101010101 3
01000011001101000001001101100100101001000100 2
00110101000000000001000100100010100100110011 2
10000011001100010000000101000010011001011000 4
01000101000100010010000100110010011000110110 3
01010010001100110010001001010011001101000010 5
01010100001100000010001001010001011000011000 3
01000011010000000001000101000001011000111001 3
00110011001100010001001001000001101010011011 4
11100011010100000001001001010010011001101000 3
00110011001000000001001001000000001100101011 3
01000010001100000010000000100001011100111100 3
01100010001100110010001001110100011001010011 3
00100011001000010001001000110001100000111010 5
00110011001100010010001001000010100001001001 3
01000011001100000001000101000001100001001001 2
01000011010000011000001101010010011000100100 3
01010101011000100010001101010011011001000010 2
01000110001100010001000100100001100001111001 4
01000111000000010001001101000001011000011010 2
01000011001100010010000101000001011101001010 4
01110001001100010010001001010010011001100111 3
01000011001100000001001101010001011110111010 4
01010100011000110010000101000011010100110011 2
01010100001000000010001001100010011001010101 2
01100011001100100001000101000010001101001010 3
01010011001100000001000100100001011010001100 3
01000011001100000010001001010010011101100100 3
01010011001100000001001001010001010100111011 3
00110010001100110010000101000100101001000010 2
01000011010001000010010010000100011001100011 2
01010000010000000010001101010001011110101001 4
00110011000000100001000101000010101001001011 3
01010011001100110010010001100011011001010100 3
01100101001100010010001001010010100101000111 3
01100010001100000010001000110010101001101001 2
01001001010100000001001000100001100100111100 5
00110111000000000001001001000001100000101011 2
01000010001100000001001001000001100000111100 4
01100011010000000001000100110001010000111001 2
01110010001100000001001000110010001000110101 1
01000010001100000010000100110001011101011010 4
01000010001000010010001001010010010101100101 2
01110011001100110010001001100011011000110101 3
01000011001000010010001101100010011001000110 3
01000100001000010010001110000010011001110101 2
01000111001000110010000101010011100000100011 2
00110010001100000001001001000001100101001011 3
01000011001100010001000101000010011001010100 3
01100110001100010001000100110001011101101100 3
01000011001100010001001001000001011000111100 3
01010011001100010001000101010010100010111011 5
01100010001100100010001101110011011001100100 3
00110011010000000001000100010000100000101101 3
01000101001000010010000101010010100000100101 2
01100010010001000010001001110100010101000011 3
01010010010000000010000101100010101101110110 3
01010010001101000001001001010100100001000011 3
01010001001100010001000101000010100001000110 5
01110110001100000010001101100010010101001000 2
00110000001000000010000100100010110101110110 4
01000011001000010010010101100010011000100101 3
01000010010000000010000101010010101101010101 3
01010011010001000001001101100011011101110011 4
00110010001000100010000101000010101001110110 3
01010100001100000001001001000001011101001110 4
01100010001100110010001001010011010101100010 3
01010001001100000001001000110001011100111011 3
01010011001000100010001001100011011001010011 2
01000011010100110010001001000011010101100010 3
01110011001100100010001001100011011101010011 3
01000111001000000010000000010010100000100101 1
01010100001000110010001101110011011001010010 2
01010100001000110010001001010011011000110100 2
01000011001000000001000101000010011000110011 2
00100011001100000001000100100001100001100101 3
01011000000100000011000101010010011101010100 1
01001000001000000101001010010010011001110011 2
01000100010100010001001001000001011101101010 4
00110010001100000001000100110001010101101011 3
01101000010000010001000101000001100010001100 4
01010001010000110010001001000011010101100111 3
01000011010000000001001000110001100000111011 3
01000100000100010010000000110010011001010011 2
01010100001000010011001101110010011101000101 3
00110010001100000010001000110001101001001001 3
01000010001100000001001101010001100001011000 3
01010011001100100001000101110010011001001011 4
01010010001000100010001101110010011001010111 3
01110010001100100010001101100011011001000101 3
01100010001100000010001101010010011101010100 3
01010011001100000001001101100001100101001011 4
01000101001100100010000100110010010000101001 3
01000011001100010010001001010010100001111000 2
01000100000000000010000101000010100001100011 2
01010010001100100001001001000010011001000111 4
01010101001000100100000100110011010101010011 2
01110010010000000010000101000010011101001000 3
00110011011000100001000101100011111001100111 2
01000101010000110010001110000100100001010010 3
01000010001100100001001001000010011001000111 4
00110001001100010001000101000001011000101011 3
01000001010000010001001001000001100001001010 3
01010001001100000001001000110001010001111001 3
01110010010100000001001001100010010100110101 2
01010011001100110010010001100011011001010100 3
01000011001100000010000101000010101001110110 3
01010001001000010010001010010011100101100101 3
01000101000100100001000101000011101001000101 2
00100100000100000001010001100010101101000110 2
01000011001000010010001001100010100101000110 3
00110000010100100010010001010011001100100011 1
01000100001101000010000101010011010101100011 2
01010100001100000011000101100010011101010100 2
01010001001100000001000100100001100001001011 3
01000011001000000001001001000001010001001011 3
01000100001100100001001001000001010000011011 4
01000011010000100010001101110011011101000011 2
01010011001000000010000000100010101001010101 1
00110011001000000001001001000001101000111000 4
01000101001000000001000000100001010110111101 4
01011000001000100100000100110011011000110100 2
00100100001000010001001001000001011100111000 3
01000010001100010010001101100010100010100100 3
00110101000100000010001101100001010101100111 2
01010011001100110010001101010011010001110110 3
01000101001000000001000101100001001101000111 3
01010010001100000001001001100001100001011000 3
01100100010000110011001001000011011000110100 2
01000010001100000010001001000001101110011000 3
00110100010000000001000000100001100100101001 2
01010011001100000010001001010010101101000101 3
01100100010100110001001101110011010101110100 2
01100011001000000010000101010010010110100110 4
01000011001000010001001000110001001110001100 4
01010011010001010010001101100100001101010010 2
01010110001000010010000100110011011101100100 2
01000011001101000010010010000011011100110101 2
01010011001100110010001101100100100110000010 3
01010011010100100010001110000011010101110100 2
01010001010000000010001101010010100011100101 4
01100010010000100010001101010011011001000101 3
01100101010000010001001001000010011101101011 4
00110011010000000010000101100010101101100110 2
01110011010000000001000100100001010001101010 2
01100001010100000010000101010001011101011000 3
01000101001000100010001001010011011001110011 2
01010011001100100010001110000011011001010011 3
01100010010000100010000101100011100101010101 1
01010100001100100010001001100011100001010011 3
01000100001100000010001001110010011001110101 2
00100010001100000010001101010001101101010110 2
01100100010100110010001101010011001101000011 2
01010011001100000001001001000010101001010111 4
01000001001100100010000100110010100000110101 3
00110011001100110010001101000011010101000100 3
01000010010000100010001001000010010000011000 4
01011000001100000001000100110010100110100110 2
01100011010100010010000101010001010001101001 3
01000001001100010010001001000010011101001000 3
01100010010000110001001101010011011110110110 3
01100010010100000010000001010010011101010101 2
01000011001000100010010001100011011101100101 3
00110010001100000001001000110000011101001101 4
01000100001100010001000101000001100110011100 3
00110010001100000001001001000001100101001001 4
01010100001100000011000101100010011101010100 2
01110010010000010001000100110010011101100100 3
01010100000100100010000101000011011100110011 2
01010011001100000010000101010010011001000101 3
01110011001100100010001001100011011101010011 3
01100011010000110010001010000100011110000011 2
01010010011100000010000101100010101101100110 2
01000011001100000010001001000010101101100110 4
01000100001000010001000101000010100101000101 2
01100111001000000001000101010010010100100110 2
01110010001100000001000100110001010000111000 2
00110100001100100010001110000010011101000101 2
01000101010100000010001101110010100001010100 2
00110011001100110010001001010011100101000100 3
00100001010000000001001000110001110001110111 3
01010011010000110001001101100100100010110011 4
01010010001100110001000101000011101001010100 3
01000010001100010010001010010011100001100101 2
01000011010100100010001001110011011001100100 1
00110100010000000010001001000001100101010111 3
01100001010000000010001101010010010001110110 3
01001110001000010001000001000001100101011011 1
00110010001000010001001101010001100101011001 4
01100011010000110010001010000100011110000011 2
00110001001100010001000100110010100101000011 2
01000010001100100011001101010011001001000011 2
01000010001101000001001001010100100001000010 2
01010100011100100010001101100011010101000010 2
01010011011100110001001001100011010000110010 2
10010001001000000010000100100010010100100100 2
01100100010100110010001101110011010101110100 2
01010110001101010001000100100011010100111000 3
00110010001100000001001000110001101101001010 2
01010010010000110010001001000100100101000011 4
01010100001100000001000100110001010101001000 3
01010001001101000011001101000011011001000100 4
00110110000100010001000101000001101011011110 4
01000011010100100010001101110011100001000011 3
01110010001100000010001101110010011001010110 3
00110001001100010001000000100001011101001010 3
01100001001100000011000101010001010101011001 3
01000100001001000010001001010011011110000110 3
01000011001100100010001001000010100001101000 4
00110011001100000001001001000001100101111100 4
01100100010000000001000100110001011001011010 3
01000011001101000010001101110011011101010100 3
01000100001100110010001101100011011001100101 3
01000010001100110010000101010011100101100110 3
01000100010000100010001101110011011101010100 2
10000011001101000001000101010011010000111011 3
01010100001100110010001101110011010001110100 4
10000011001100000001001001000001010000101011 3
01010011001000100010001101110011011001010011 2
01110001001100010001001001010010011000100111 4
01000100001100010000001000110001100000101011 3
00110011001001000010001001000100011001000010 3
01000100001100000010001000110000010101001110 3
01010011010100010001000101000001100010011011 4
01010110001000010001000100110001011001111101 4
01000011001100000010001001010001100101001100 4
01010101001100110010001101110011010001110100 3
01000001010100000001000100100010100010010100 3
01010010011101000010001001100100101010000011 3
00110101000100000000000100100001100101011001 4
01010010001100100010001001100010100001100111 3
01010011010001000010001001010100100100110010 2
00110001010000000001001001000010101101010100 3
01010010001100000010001001010010100101110110 4
01110011010100000001001001010010011001000101 3
00110001001100000001001000100001100101001001 3
00110010001100000001000100100001101001101000 3
01000010001100000100001001100010101010001000 2
01000011010100000011000101000010010000110100 2
01010100001100000001000101000010100001011000 3
01010101001100100001001001010010011000111001 3
01100110001000110001001001100010011001001001 4
00100110000100000001001001000001101010101110 5
01010100001000100010001101100011010101010010 2
01000011010100000010000101000010010101000100 2
01010010001100110010001001010011001101000010 5
01010010010100100001001001010010010000101000 4
01010010001100100001000101000010010100110110 4
01100011010100110010001101100011011001000011 2
01000001001100110010001001010011010101000011 3
01000001001100000001010101010001100111001010 4
01000010001100110010001101010011100000100111 3
00100001001100000001000000100001010101111100 3
01010010010001000010001101110100100101110010 3
00100011010000010001000101000010110001011000 5
01000011001100000010001001110010100001000101 2
00100010001000100010001001000010100001000100 3
01100001011100110001001101010011010101000010 2
01000011001100000010000100110001011001001100 3
01000001001100000010001001000001010101000110 3
01000010001100110010011001010011011001010100 3
01000010001100000010001000110001010110000111 3
01010010001100000001000101100010011111101001 3
01000110010100000001001000110001101110101011 3
01010001001100010010001001000011101000110011 4
01000010001100010010001001010001011101001011 4
01100010010000000010000101010001010101100111 2
01010010010001000010001101100100100110110100 4
01000101001100010010000101010001011000101010 5
01010100100000100010000110010010010001101000 3
01010001001100000101000100100001011110001001 3
00110011010000010001010001100001101000111011 5
01010010011000010010000001000010001101110110 2
01100010001100010001001101100010010100110111 3
01100001001100100010001001010010100000100100 2
10000011010100000010000001000011011001000101 2
01010100001000000010000101010010011000110100 2
01010100010100110010001101110011011001010011 2
01110001011100010010001001000010100000111011 3
01000010001100010010001010010011100001100101 2
01110010011001000010001110000100010001010011 3
01010010001100010001001001010010011100110111 4
00110011001000000010010001010010011101110110 3
00110010001100100001001101000010011100110111 2
01110111001100000010000101100010100000110111 2
01010001001100010000000100010001010001101010 4
01000100001000010001001001010010011110000101 3
01010011001100000001000100110001001100111100 3
01000011001100010001001000110001010101111100 4
01000100001100010001001001010001011000111001 4
00110011001100110010000101010011011001100110 3
01100011010000010001000001000010011001000111 2
00110111001100100010000101000010010100111000 3
01100100010000100010001010000011011001100011 2
00110010001100100010000100110010011001001000 3
01010101010000000001001001000001100001001100 3
01100100001100000001000101000010010001100110 2
00110011001101010010001001100100011001010011 2
01100011001101000010001001100100010110000110 2
01011000001100110010001101110011011101000100 2
01000100000100000001001101010010011101000101 2
01000010001001000010001001000100010101000010 3
01010010001101010001010010000100011001010011 3
01000001001100000010001001110010101101010100 3
01100010001100100000001101000010010000111000 3
01000101000000010010001001010010100000100100 2
01010011001100110001010001100011010001110110 3
01000010001100010010001101110010100001010101 3
01100011001100000010000001000001011100101011 3
00110010001000100010001001000010100001000100 3
01010010010100110010001001100011001101000011 2
00100010001000000001001101000010110001000110 3
01110001001100100001000100100011011000101000 2
01110100001100000011000100110001011001011100 3
01000011001000010010010101100010011000100101 3
01000010001101000010001001000011010101100011 3
01010100010100010010000100100001010101001100 1
01010011001101000010001001100011011100111000 2
01010100001000010100000101100010001101010100 2
01000010010000000001001000110001011001001001 2
00110010001100000100001001010010101101110111 3
01010010010000000010001001000010010000110011 2
01010010010000000001001101010010011000101000 3
01010010001100000010001001100001010100101000 2
00110100001000100001000101000010101101000101 4
01010100001000000010001001010010011001000100 3
00110011001000010001001001000010011001011000 2
01000011010000100010001101100011010001000011 2
01010010010000000010001000110010010100110011 3
00110011001100010010001101100010100001101000 3
01100010001100100001001001010010011000111010 4
01100011001100010010001001100010011001000110 3
10000011010100000010000001000011011001000101 2
01000011001100100001000101000010011100101011 3
01100010010100000010000101000010100101000101 2
01010101010000000010001001000001101001011100 5
01010010001100000010000100110010011101000111 4
01010100001100000001000001000010100010000100 2
01000011010000100001001101110011011101010100 2
01000000001100110010001000110011011100100101 3
01010011001100110001000100110010011000100111 3
01100011010000000010000000110001010100111001 2
01010011001000000010001101110010100001001001 3
00100010001000110010001001000011101000110111 3
01000100011001000010001001000011011001010011 2
01100011001100100010001101100011010100100010 2
01000101001000100001000101000001011100111010 4
00100100010000100001001101010010100101001010 3
01010001001100000001000100110001011000111000 4
01011001010100000010000101000010100101110111 1
01010100001100000010000101000010100001110110 2
01000011010100000111000101000010011101010101 2
01000100001100000001000100100001100001001011 3
01010101001100010001000100110001011001111100 4
01000101010000110001001110010011100101110100 2
00111000001100000001000101000000011000111110 3
01010001001000110010000101010011001101000011 3
01010011001100000010001001100010010101000110 2
00110001001000110010000101100011100101001010 3
01010011001000010010001001110100011101010011 2
01000011001100000001000100110001100101001000 4
00110010001100000010001101000001101001001001 3
01000100001100010011001001010011011001010100 3
01010011001101000010001001010100100001000010 2
01100001001100000001001101010001011101001001 4
01100101010100100010000101100011011010000101 3
00110011001000110010001101100011100100110100 2
01100100001100110010001001010011011101010110 2
01000010010000000001001000110001011101001010 4
01001000001000100010010010000011011101000011 2
01110001001100000001000100110010011001000100 3
01100010001100010000001000110001010000111000 3
01000001001100000100001001010010100001010100 3
01010001001000100101001101100011011001000110 3
01000010001100000010001001010010100110010100 3
01000001001100010001001001000001010101010110 3
01110011010000010010000100110011100001110100 2
01000001001100000010001101000001100000111000 3
01000110001100010001000101100001011001001011 3
01000001001100000010001001010010101001011001 4
01000010010100001001000100110010011001000101 3
01010011001100000010000100110010011000110100 2
01100010001100110010001110000100011001010011 4
01010010010000000001000100100001100000111100 4
01010010010000000010000100110010011001010111 4
01000001010000000010001101010001110001101011 4
01010010001100100010001101000010011001000111 4
01100001001100000010001101010010100010100100 3
01010011001100010001001001100010011101110111 3
01100011001100010001001001110001011010001100 3
01100100010100000001000101000001011101101100 4
01110011010100100010000101000010011001000111 3
01010010010100000010000101000001100000101001 3
00100110001000000001001001000000011110111110 4
01100011010100100010001101110011110001110100 3
01100101001100010001001101100001011001111010 4
01010101001100110010001001010010010011101011 3
01100011001100000010000101110010011110000101 2
01000011010100100010001101110011011101010011 2
01010100011100000010000101100010010101010100 2
01000011010000000001001000110001100000111011 3
00110011001100110010001001100011101001000100 2
01100001001100000011001001100001011001001001 3
01010011001100010001001000110010100001001010 3
01000100010100100010001110000011011001000010 2
01010100001000000001000101000001011100101011 4
01100001001101000010000101010011001101000010 4
01110001010100000010001001100010011001010100 3
01000011010000010001001001000001011100111011 3
01010010100000000111010001000010001101000011 3
00110010010000000010000100100001011101100110 3
01100010001100100010001001000011011101000011 3
01010011001100010001001001010010011100110111 3
01010011001100100010000101000010010000111001 3
01000010010000100001001001010011011101010100 3
01100011010000000010000101010001010101101000 3
01000010010100100010010001110010011100100100 2
01010011011100110010001101100011010101000010 2
01000011010000100010001101110011011101010100 3
01000011001000100010001101100011011101010100 2
01010011001100110010001101010011010101100110 3
00100011001000000010000101010010100001000110 2
00110011001000000001001001000000010101001101 3
00110101001100000001000100110001011100111010 3
01000011010000100010001101100011011001010011 2
01010011001100100001001001100011100101000011 2
01000100010000100010010001100010011001010100 2
01000101000100010010000000110011010101000001 1
01001001010100000001001000100001100100111100 5
00110010001000010001001001010001100000101001 4
01010101001100110010001101110011010001110100 3
01010011010000100001000101000010010000101000 5
01010011001100110011001001000011001101000011 3
01000010010000100010001101000010011101001000 3
01000010001100100010001101010011011101010011 2
01100011001101000011001101100011010101010011 1
01010011001100110010010001100011011001010100 3
10010011010000000001000100100010000001010111 3
01100100011000110010010001110011010001100011 2
01010100001000000001000101010010100100111000 2
01000100001100000001001101010001010001011011 4
01100100001100000011001001010010011001000101 2
01110011001100110010001101100011010101010110 4
01000010001100000001001001000001100101101010 4
01100011010000100001000100110010010001010111 4
00110001001000110010000101100011100101001010 3
01010001001000110010000101010011001101000011 3
01000001001100010001001001000001100001001001 3
01000100001001000010001001100100100001100011 2
01010011010000110001001110000011011101100100 2
01010011001100000010000000100001011101011001 2
01000011001000000110000001000010010001000101 1
01000010001100110001001001000010011001000110 4
01100011001100110011001001110011010001000011 2
01100111001100010010001001100011010101100100 2
01010010001100100001001001000010011001000111 4
01100011001100000010000100110001010101001100 3
01110010001100100001010001010010010100111001 3
00110101001100010001000101000001011110001011 3
01001000001000100001000101010011011101010011 2
01100100011000110001001001010011010101010010 2
01000100010000100010001101100010011001010100 2
01010010001100010001000100110010011001101001 4
01100011001100100001001001000001001101001011 3
01000011010000100010001110000010010101000100 3
01010011010100010010000101000010101001111011 5
01010001010000000010000101000010100111011010 3
01000010001000100010001101100011010101100011 2
01010101001000010010001001100010011101000101 3
01000011001100010010001001100010100001010111 2
01010001010000110010001101010100100110100011 3
01000111001000000010001001100010100001110111 2
10000100010100000010000101010011011000100100 2
00110011001000000010000001000010011101110100 1
01010010001100100011001001110011100101100100 2
00110001001100010010000101000010010101110101 3
01000011001100000010001001010010101001010101 4
01100010001100000010000101000010011010010110 2
01000011001100110010001101100011101101010101 3
01010100010000100001001001010011011101010110 3
00110100001100000001000100110001010100111000 3
01111000011101000010001110010100010010010011 2
00110011001000000010001001100001100101001000 3
01010011010000010001000101000001011011001100 2
00110011001100010001000100110001100001011100 3
01100100001000010010000001010011011001010011 0
01000010010100000010000100110010100001000100 2
01010101001100010001000101010001011101001100 3
01010110010000010010001001110010010110000110 1
01000011001100110011001001100100110001010101 2
10000100001100000010000101110011011101000100 2
01100011001100000010001001000010010110011001 4
01010010010000110010001101110011010001010011 4
01100100001100100001001101010010010100111000 4
01100101001000010010000001000010011001000100 2
01010010010000110010001101110011010001010011 4
01000001010000000001001001000010100001110111 4
01000100001100000001001001000000011000111110 4
01000101001000110010000101000011101001100101 3
01010011001000000010000101100001100001101000 3
01100010010000110010001001100100011110010010 4
01010011001100010001001000110001011101001011 3
01000010010000110001001101000011100010010110 4
01010011011100001000001001000010010101000011 3
10000011010000010010001001010011011001110100 2
01000001001100100010001001000010011000110101 3
01010010010000100010001101110011011101010011 3
00100001001000000010000101000010100101010011 2
01000100001001000010000101100100011001110011 3
01100110001100100010001101110011100001000011 2
01000010001100100001001110000010010100100011 3
01110100001100100001001001000010011000101010 2
